0 0.689375 0.695122 0.045000 0.168856
5 0.265937 0.905722 0.204375 0.169793
0 0.296250 0.695122 0.043750 0.133208
0 0.365000 0.764540 0.093750 0.279550
0 0.360313 0.748124 0.043125 0.218574
0 0.486563 0.737336 0.168125 0.221388
0 0.726562 0.687148 0.440625 0.197936
0 0.556250 0.680581 0.032500 0.111633
0 0.564062 0.567543 0.020625 0.058161
0 0.589688 0.685272 0.034375 0.117260
0 0.625938 0.688087 0.023125 0.115385
0 0.650313 0.708724 0.020625 0.083490
0 0.740312 0.685272 0.038125 0.186680
0 0.794063 0.704503 0.030625 0.163227
0 0.815937 0.697936 0.018125 0.131332
0 0.853750 0.690431 0.047500 0.176361
0 0.894688 0.690431 0.029375 0.150093
0 0.923438 0.690431 0.035625 0.161351
