5 0.013750 0.629166 0.027500 0.101667
5 0.041875 0.627916 0.035000 0.090833
5 0.182500 0.604583 0.036250 0.082500
5 0.263125 0.596666 0.032500 0.066667
5 0.305625 0.586666 0.035000 0.063333
5 0.321562 0.587500 0.020625 0.055000
5 0.394687 0.573333 0.019375 0.045000
5 0.411562 0.575000 0.016875 0.045000
5 0.423125 0.578750 0.013750 0.047500
5 0.440312 0.568334 0.020625 0.038333
5 0.461875 0.560417 0.008750 0.022500
5 0.475938 0.559584 0.016875 0.020833
5 0.492812 0.558750 0.011875 0.019166
5 0.519375 0.553750 0.012500 0.019166
5 0.538750 0.552917 0.010000 0.020833
5 0.621563 0.690833 0.088125 0.161667
5 0.646563 0.591667 0.045625 0.070000
5 0.691250 0.575416 0.046250 0.089167
5 0.736250 0.676667 0.075000 0.158333
