1 0.582500 0.646250 0.186250 0.530834
5 0.136250 0.644166 0.091250 0.203333
1 0.044375 0.457500 0.088750 0.256666
1 0.143750 0.453750 0.073750 0.212500
1 0.222187 0.539583 0.135625 0.332500
1 0.352812 0.552500 0.203125 0.423334
1 0.554375 0.370417 0.083750 0.075833
1 0.571250 0.332083 0.068750 0.020833
1 0.630625 0.386250 0.078750 0.122500
1 0.661563 0.342500 0.081875 0.038334
1 0.739688 0.617500 0.180625 0.456666
1 0.766250 0.360834 0.088750 0.066667
1 0.819687 0.336666 0.020625 0.036667
5 0.781562 0.856250 0.175625 0.285834
