4 0.297777 0.533125 0.373333 0.196250
2 0.062778 0.595938 0.125556 0.081875
2 0.625555 0.679688 0.033333 0.025625
2 0.661666 0.624688 0.021111 0.001875
2 0.708889 0.644687 0.108889 0.006875
2 0.675555 0.682187 0.035555 0.025625
2 0.706111 0.626250 0.030000 0.005000
2 0.710555 0.590938 0.021111 0.006875
2 0.758889 0.627188 0.033334 0.003125
2 0.763889 0.612812 0.023334 0.008125
2 0.780555 0.585000 0.056667 0.012500
2 0.871667 0.682187 0.034445 0.016875
2 0.882222 0.647188 0.024444 0.015625
2 0.905000 0.673750 0.038888 0.013750
2 0.916111 0.702187 0.023334 0.011875
