3 0.098943 0.642549 0.140483 0.455724
3 0.096677 0.924406 0.135952 0.095032
3 0.099698 0.209503 0.135952 0.367171
3 0.267372 0.204104 0.154079 0.373650
3 0.267372 0.623110 0.151057 0.455724
3 0.265106 0.906048 0.146526 0.118791
3 0.425982 0.912527 0.154079 0.110151
3 0.429003 0.629590 0.145015 0.460043
3 0.433535 0.212743 0.151057 0.377970
3 0.588369 0.913607 0.155589 0.107991
3 0.595921 0.211663 0.152568 0.384449
3 0.592145 0.627430 0.145015 0.464363
3 0.763595 0.920086 0.146526 0.099352
3 0.768882 0.633909 0.138973 0.455724
3 0.776435 0.213823 0.145015 0.388769
3 0.916163 0.915767 0.131420 0.112311
3 0.919940 0.636069 0.126888 0.451404
3 0.919940 0.218143 0.123867 0.388769
