56 0.716572 0.619993 0.107735 0.118017
56 0.140576 0.638743 0.266160 0.161671
62 0.715298 0.425436 0.182814 0.084901
56 0.354661 0.598341 0.168109 0.120155
62 0.252191 0.298384 0.147302 0.074141
56 0.499427 0.563097 0.136317 0.064887
56 0.628153 0.566027 0.121209 0.096414
56 0.793248 0.589440 0.074386 0.089918
60 0.777243 0.778778 0.444748 0.423971
56 0.547547 0.754003 0.358944 0.330701
56 0.622967 0.787345 0.511807 0.401118
56 0.497253 0.579230 0.141918 0.097581
56 0.943311 0.550694 0.109168 0.048797