56 0.844650 0.818564 0.309917 0.298702
56 0.488490 0.823065 0.294078 0.266199
62 0.556723 0.495908 0.100103 0.058565
0 0.569972 0.625434 0.213921 0.142897
0 0.258405 0.655525 0.283077 0.236328
56 0.955418 0.698813 0.084778 0.107416
60 0.936612 0.778082 0.121959 0.110987
62 0.052550 0.431291 0.104449 0.074421
0 0.801363 0.548570 0.055310 0.076836
56 0.695452 0.716187 0.125922 0.178414
0 0.964786 0.582628 0.070050 0.123688
60 0.379573 0.688654 0.305686 0.167388
56 0.894885 0.631112 0.161768 0.069406
56 0.766828 0.693402 0.087572 0.156154
56 0.764144 0.581052 0.067132 0.018944
56 0.647563 0.585347 0.056658 0.032830
60 0.799899 0.599496 0.204442 0.027120