0 0.276287 0.629500 0.185337 0.725582
0 0.586481 0.594948 0.122607 0.663291
26 0.173776 0.607213 0.064598 0.279957
0 0.447251 0.490607 0.079173 0.330866
0 0.760809 0.425346 0.029148 0.148777
2 0.293133 0.393909 0.051049 0.058555
0 0.930678 0.413543 0.023827 0.123427
0 0.712136 0.415703 0.027430 0.114593
2 0.121499 0.423627 0.136942 0.072846
0 0.731163 0.399837 0.011790 0.056779
0 0.976044 0.404801 0.022911 0.086792
2 0.095880 0.423877 0.082794 0.066925
0 0.948811 0.401690 0.019648 0.073973
26 0.409002 0.461695 0.021765 0.120827
0 0.687801 0.394579 0.014186 0.066986
36 0.592022 0.880032 0.120166 0.113452