0 0.532767 0.681731 0.324192 0.629903
0 0.035080 0.539249 0.070038 0.219343
0 0.447113 0.507726 0.077908 0.119332
0 0.568128 0.450483 0.052676 0.262651
0 0.760608 0.519144 0.132116 0.304697
56 0.847946 0.746466 0.102603 0.358633
56 0.490281 0.641407 0.096410 0.183824
0 0.060556 0.534868 0.085327 0.185902
0 0.368952 0.500515 0.087117 0.163269
0 0.343005 0.491387 0.028289 0.072046
56 0.785031 0.770192 0.101118 0.348617
56 0.373901 0.741475 0.150586 0.355686
56 0.602854 0.821414 0.323720 0.350349
0 0.696313 0.477903 0.038917 0.176747
56 0.660062 0.820634 0.215331 0.353363
0 0.280840 0.570770 0.106885 0.283003
0 0.287116 0.500566 0.093001 0.142926
56 0.549567 0.618151 0.036280 0.144539
13 0.056691 0.807867 0.112445 0.354081