58 0.466290 0.688173 0.112830 0.313443
58 0.638579 0.836741 0.115966 0.314233
58 0.189554 0.526195 0.378899 0.893195
58 0.746896 0.709268 0.151741 0.320937
58 0.368456 0.791059 0.121099 0.206192
58 0.589188 0.602008 0.100929 0.254909
58 0.897610 0.232595 0.192744 0.416075
58 0.864725 0.560872 0.102744 0.217406
58 0.065715 0.724740 0.130934 0.533061
58 0.818360 0.622750 0.076211 0.225274
58 0.532084 0.830952 0.196245 0.333130
58 0.851153 0.360886 0.072787 0.199006
58 0.389327 0.481033 0.130237 0.464881