0 0.815035 0.702472 0.116360 0.526125
0 0.965497 0.675498 0.068310 0.609231
0 0.714722 0.683789 0.088958 0.518244
0 0.527610 0.680729 0.056651 0.327673
58 0.760138 0.748319 0.044518 0.231252
0 0.063357 0.628418 0.033898 0.176861
0 0.567953 0.671324 0.062664 0.306300
0 0.034979 0.628336 0.027248 0.182044
0 0.115360 0.621342 0.028183 0.172110
0 0.222845 0.624107 0.025411 0.145376
58 0.636110 0.834225 0.142853 0.326097
58 0.080564 0.813111 0.160594 0.237570
0 0.263423 0.617359 0.028303 0.160798
0 0.247224 0.621469 0.025700 0.150061
0 0.093924 0.626286 0.023703 0.169896
0 0.289419 0.622236 0.023973 0.148951
58 0.407796 0.742293 0.123117 0.306506
58 0.924842 0.958552 0.048262 0.081696
58 0.485924 0.647808 0.041083 0.306931
27 0.722495 0.555959 0.014613 0.103325
0 0.471403 0.612072 0.038639 0.245139
27 0.721580 0.533314 0.013407 0.053194