2 0.343848 0.438482 0.147064 0.142353
0 0.676244 0.399917 0.075594 0.319393
2 0.106105 0.415222 0.156842 0.106620
2 0.463800 0.356427 0.046202 0.032919
2 0.228272 0.396484 0.077332 0.082863
2 0.311324 0.375442 0.078042 0.072815
0 0.922187 0.336230 0.028441 0.131593
58 0.544106 0.577047 0.207291 0.445031
0 0.901229 0.340421 0.029608 0.130044
0 0.963333 0.324803 0.021417 0.097081
0 0.877431 0.346230 0.022549 0.118751
0 0.852609 0.345687 0.018167 0.117385
0 0.993105 0.338281 0.013013 0.109698
0 0.872925 0.345743 0.028198 0.119106
0 0.980374 0.325919 0.022319 0.099090
58 0.382924 0.718465 0.369530 0.554169