58 0.569128 0.925155 0.050832 0.146834
58 0.788082 0.754573 0.196700 0.460881
58 0.939116 0.891384 0.053960 0.138259
0 0.159041 0.495358 0.037442 0.191087
0 0.677565 0.536571 0.064863 0.367234
0 0.721534 0.524825 0.070190 0.349407
0 0.923243 0.526862 0.083752 0.588393
0 0.868731 0.517744 0.063101 0.386896
0 0.127476 0.494709 0.031391 0.194776
58 0.538579 0.601713 0.165804 0.356639
0 0.211878 0.485306 0.033613 0.196107
58 0.385814 0.934744 0.094379 0.130501
0 0.980056 0.553512 0.039334 0.542862
0 0.336742 0.480762 0.031031 0.167254
58 0.636489 0.619390 0.033363 0.097075
0 0.436936 0.471833 0.025659 0.170329
0 0.382169 0.474233 0.029195 0.177634
58 0.304909 0.757810 0.040286 0.093179
0 0.362784 0.478942 0.030710 0.172775
0 0.192018 0.489758 0.025777 0.178672
0 0.413977 0.477732 0.034561 0.168880
58 0.159554 0.694212 0.209452 0.255897
2 0.309391 0.496915 0.035821 0.065950
58 0.418227 0.744445 0.048821 0.114154
58 0.095277 0.836011 0.188750 0.319409
0 0.617683 0.460317 0.043357 0.271836
0 0.403103 0.475677 0.020329 0.166738