2 0.277482 0.501627 0.173328 0.163685
2 0.158951 0.439560 0.101634 0.086676
0 0.664643 0.489243 0.082369 0.411039
2 0.428203 0.406317 0.049534 0.035336
2 0.055048 0.459286 0.109113 0.098973
58 0.469180 0.736732 0.325454 0.517803
0 0.868582 0.414893 0.022396 0.127558
0 0.889907 0.409157 0.028484 0.136235
0 0.840709 0.415001 0.021003 0.127887
75 0.468490 0.970447 0.113601 0.057301
0 0.953278 0.414973 0.025013 0.118718
2 0.263838 0.424812 0.094258 0.080480
2 0.266154 0.412364 0.091645 0.059015
0 0.825315 0.415290 0.017810 0.121308
2 0.274051 0.406007 0.073319 0.045400
0 0.642774 0.490332 0.042651 0.386617
0 0.853056 0.415855 0.018667 0.120889