0 0.041012 0.712137 0.081632 0.539141
0 0.558056 0.678132 0.088591 0.391317
0 0.927732 0.729421 0.115208 0.533923
0 0.461919 0.705465 0.077123 0.404560
0 0.617901 0.756746 0.054072 0.263413
0 0.710148 0.721772 0.106108 0.464740
0 0.139223 0.705236 0.094770 0.457432
0 0.803093 0.738532 0.106666 0.430362
0 0.331703 0.660595 0.066665 0.403978
0 0.854631 0.742540 0.045388 0.351822
62 0.175398 0.422417 0.032182 0.075703
24 0.725579 0.631905 0.078527 0.166250
0 0.632652 0.613367 0.032631 0.161126
0 0.092429 0.629962 0.027995 0.205196