0 0.405938 0.686666 0.094375 0.256667
5 0.910313 0.743333 0.155625 0.388333
0 0.112187 0.674167 0.018125 0.061667
0 0.132812 0.709167 0.023125 0.053333
0 0.227813 0.717917 0.021875 0.067500
0 0.257500 0.705000 0.027500 0.138334
0 0.291250 0.701667 0.040000 0.145000
0 0.325625 0.717917 0.033750 0.084167
0 0.370625 0.713333 0.046250 0.151667
0 0.469375 0.720417 0.040000 0.107500
0 0.515312 0.729167 0.044375 0.113333
0 0.550000 0.717083 0.041250 0.127500
0 0.588750 0.695417 0.036250 0.084167
0 0.606875 0.726666 0.048750 0.143333
0 0.652813 0.718750 0.055625 0.147500
0 0.672187 0.667083 0.011875 0.034167
0 0.700625 0.659583 0.040000 0.070833
0 0.718750 0.720417 0.068750 0.130833
0 0.765313 0.717917 0.060625 0.122500
0 0.782188 0.687917 0.021875 0.037500
0 0.800000 0.706667 0.027500 0.135000
0 0.840938 0.722083 0.023125 0.140833
5 0.199688 0.737500 0.058125 0.103334