0 0.866562 0.455959 0.073125 0.323316
0 0.351250 0.300518 0.043750 0.167876
0 0.404375 0.361658 0.050000 0.184456
0 0.420000 0.305700 0.046250 0.153367
0 0.471562 0.431606 0.061875 0.206218
0 0.476562 0.355440 0.043125 0.167875
0 0.477812 0.303627 0.035625 0.145078
0 0.540000 0.369430 0.055000 0.179274
0 0.572188 0.280829 0.021875 0.078756
0 0.589375 0.367358 0.048750 0.156477
0 0.684375 0.364248 0.048750 0.141969
0 0.683750 0.294818 0.045000 0.152331
0 0.763125 0.332124 0.040000 0.112953
4 0.223438 0.550260 0.446875 0.580311
