0 0.870382 0.713430 0.258371 0.561774
0 0.759194 0.583645 0.093850 0.129986
0 0.260747 0.592557 0.118881 0.196721
0 0.108881 0.631706 0.144971 0.267489
0 0.929109 0.553240 0.089362 0.398742
0 0.661127 0.671054 0.119486 0.355045
0 0.376983 0.610694 0.126069 0.241401
1 0.817307 0.738267 0.128429 0.199475
1 0.594460 0.712657 0.084815 0.220618
0 0.579898 0.631355 0.083548 0.262376
1 0.388045 0.803592 0.143096 0.199750
0 0.431550 0.595976 0.049825 0.158748
0 0.641282 0.557475 0.030739 0.073318
1 0.692754 0.817021 0.139112 0.349805
1 0.848693 0.952196 0.102395 0.093403
1 0.523462 0.633120 0.060029 0.125336
1 0.694584 0.761619 0.135015 0.237945
1 0.915993 0.720126 0.098770 0.175460
1 0.395059 0.739419 0.140301 0.126927