0 0.953385 0.798687 0.092250 0.394275
0 0.659160 0.794389 0.085783 0.404498
0 0.291979 0.823923 0.071223 0.350642
0 0.028116 0.779177 0.056067 0.308118
0 0.176434 0.807789 0.047707 0.272250
0 0.221625 0.826498 0.061834 0.336587
0 0.361327 0.850146 0.051910 0.292047
0 0.086661 0.833323 0.047123 0.263259
0 0.408867 0.773405 0.044314 0.117285
0 0.548486 0.763748 0.022002 0.095290
0 0.859601 0.757345 0.022446 0.101433
0 0.764788 0.738723 0.013999 0.047342
0 0.739152 0.744986 0.021082 0.056054
0 0.841246 0.760881 0.019256 0.090108