0 0.141277 0.677953 0.230490 0.332386
0 0.181014 0.590845 0.027578 0.124811
0 0.410341 0.651587 0.096867 0.235015
0 0.519870 0.625249 0.098729 0.174340
0 0.626586 0.647702 0.122197 0.215511
1 0.116239 0.903853 0.177632 0.189104
1 0.663489 0.858386 0.150326 0.211590
0 0.579373 0.616471 0.039171 0.093878
0 0.228033 0.580595 0.021537 0.135464
0 0.677212 0.646689 0.045867 0.161410
0 0.890570 0.622890 0.114370 0.144028
1 0.398672 0.780677 0.108412 0.180746
0 0.870178 0.622649 0.073987 0.135583
1 0.307556 0.909451 0.237694 0.174086