0 0.872451 0.687316 0.253627 0.619912
1 0.185004 0.769483 0.192874 0.393506
0 0.358957 0.694539 0.299328 0.599429
0 0.407872 0.462689 0.050676 0.264110
0 0.276795 0.514049 0.089747 0.129392
1 0.639909 0.728208 0.074018 0.299119
0 0.567057 0.537964 0.116702 0.275738
1 0.070490 0.684348 0.139992 0.287234
0 0.168546 0.587462 0.146133 0.346216
0 0.154418 0.489091 0.038629 0.083460
1 0.581740 0.773553 0.101623 0.324970
0 0.072348 0.501196 0.132261 0.180339
0 0.523044 0.495666 0.039014 0.180489
1 0.417780 0.819344 0.308290 0.354301
