0 0.167774 0.500034 0.306261 0.985133
0 0.641500 0.564946 0.272193 0.850119
0 0.798428 0.463042 0.070919 0.351416
0 0.429003 0.391127 0.040255 0.183358
0 0.875849 0.445333 0.066547 0.398019
0 0.539342 0.403266 0.048237 0.238604
0 0.376955 0.393476 0.036191 0.176246
0 0.047116 0.384777 0.032721 0.166441
0 0.467425 0.377020 0.027476 0.123909
0 0.503691 0.377293 0.016737 0.103030
0 0.321313 0.376764 0.022467 0.123358
0 0.345860 0.378284 0.023079 0.121668
0 0.304393 0.373690 0.015242 0.124785
0 0.489384 0.381657 0.017472 0.109536
0 0.340944 0.377142 0.026171 0.126330
0 0.073806 0.389451 0.020911 0.072898
